4 4
3 5
2 2
1 2 3
1 3 3
2 4 1
3 4 3
4 4
3 2
2 2
1 2 3
1 3 3
2 4 1
3 4 3
3 2
2 5
1 2 4
2 3 1

13 15
2 42
3 15
4 13
5 15
6 30
7 40
8 45
9 27
10 28
11 21
12 33
1 2 40
1 3 50
1 4 20
2 5 43
1 6 4
3 7 25
1 8 45
5 9 1
8 10 11
8 11 11
10 12 48
10 13 11
1 13 8
1 9 31
6 8 35

4 5
3 1
2 1
1 2 4
2 3 1
3 4 2
2 4 3
1 4 11

10 17
2 29
3 12
4 17
5 3
6 7
7 3
8 28
9 20
1 2 26
1 3 2
3 4 45
4 5 48
1 6 24
2 7 5
5 8 23
1 9 2
2 10 11
8 10 7
7 8 36
1 4 38
7 9 15
4 7 19
5 10 15
2 5 48
3 7 37

4 4
3 1
2 0
1 2 4
2 3 1
3 4 2
2 4 3

0 0
